-5.000000 0.212800
-4.500000 0.203300
-4.000000 0.183700
-3.500000 0.174900
-3.000000 0.152300
-2.500000 0.149400
-2.000000 0.130200
-1.500000 0.113200
-1.000000 0.096400
-0.500000 0.091600
0.000000 0.079200
0.500000 0.072600
1.000000 0.055500
1.500000 0.046100
2.000000 0.036600
2.500000 0.028700
3.000000 0.021400
3.500000 0.018600
4.000000 0.011000
4.500000 0.008800
5.000000 0.005600
5.500000 0.003900
6.000000 0.002100
6.500000 0.001400
7.000000 0.000900
7.500000 0.000500
8.000000 0.000100
8.500000 0.000000
9.000000 0.000000
9.500000 0.000000
