-5.000000 0.208600
-4.500000 0.197200
-4.000000 0.187100
-3.500000 0.171300
-3.000000 0.161900
-2.500000 0.147500
-2.000000 0.124000
-1.500000 0.115700
-1.000000 0.098400
-0.500000 0.088000
0.000000 0.076300
0.500000 0.064100
1.000000 0.056200
1.500000 0.046300
2.000000 0.036000
2.500000 0.030400
3.000000 0.024200
3.500000 0.016500
4.000000 0.009100
4.500000 0.009200
5.000000 0.005700
5.500000 0.004800
6.000000 0.002100
6.500000 0.001100
7.000000 0.000300
7.500000 0.000300
8.000000 0.000200
8.500000 0.000200
9.000000 0.000000
9.500000 0.000000
